camera_matrix:
- - 1037.468602115806
  - 0.0
  - 318.05791167556936
- - 0.0
  - 1040.0317477170126
  - 267.7167030713542
- - 0.0
  - 0.0
  - 1.0
dist_coeff:
- - -0.09845826113234943
  - 2.9253756712468206
  - 0.01297315107897768
  - 0.027934692811764774
  - -16.7163724552497
